1.388889 95.672879 
1.666667 95.672880 
1.944444 95.672880 
2.222222 95.672880 
2.500000 95.672880 
2.777778 95.672880 
3.055556 95.672880 
3.333333 95.672880 
3.611111 95.672880 
3.888889 95.672880 
4.166667 95.672880 
4.444444 95.672880 
4.722222 95.672880 
5.000000 95.672880 
5.277778 95.672880 
5.555556 95.672880 
5.833333 95.672880 
6.111111 95.672880 
6.388889 95.672880 
6.666667 95.672880 
6.944444 95.672880 
7.222222 95.672880 
7.500000 95.672880 
7.777778 95.672880 
8.055556 95.672880 
8.333333 95.672880 
8.611111 95.672880 
8.888889 95.672880 
9.166667 95.672880 
9.444444 95.672880 
9.722222 95.672880 
10.000000 95.672880 
10.277778 95.672880 
10.555556 95.672880 
10.833333 95.672880 
11.111111 95.672880 
11.388889 95.672880 
11.666667 95.672880 
11.944444 95.672880 
12.222222 95.672880 
12.500000 95.672880 
12.777778 95.672880 
13.055556 95.672880 
13.333333 95.672880 
13.611111 95.672880 
13.888889 95.672880 
14.166667 95.672880 
14.444444 95.672880 
14.722222 95.672880 
15.000000 95.672880 
15.277778 95.672880 
15.555556 95.672880 
15.833333 95.672880 
16.111111 95.672880 
16.388889 95.672880 
16.666667 95.672880 
16.944444 95.672880 
17.222222 95.672880 
17.500000 95.672880 
17.777778 95.672880 
18.055556 95.672880 
18.333333 95.672880 
18.611111 95.672880 
18.888889 95.672880 
19.166667 95.672880 
19.444444 95.672880 
19.722222 95.672880 
20.000000 95.672880 
20.277778 95.672880 
20.555556 95.672880 
20.833333 95.672880 
21.111111 95.672880 
21.388889 95.672880 
21.666667 95.672880 
21.944444 95.672880 
22.222222 95.672880 
22.500000 95.672880 
22.777778 95.672880 
23.055556 95.672880 
23.333333 95.672880 
23.611111 95.672880 
23.888889 95.672880 
24.166667 95.672880 
24.444444 95.672880 
24.722222 95.672880 
25.000000 95.672880 
25.277778 95.672880 
25.555556 95.672880 
25.833333 95.672880 
26.111111 95.672880 
26.388889 95.672880 
26.666667 95.672880 
26.944444 95.672880 
27.222222 95.672880 
27.500000 95.672880 
27.777778 95.672880 
28.055556 95.672880 
28.333333 95.672880 
28.611111 95.672880 
28.888889 95.672880 
29.166667 95.672880 
29.444444 95.672880 
29.722222 95.672880 
30.000000 95.672880 
30.277778 95.672880 
30.555556 95.672880 
30.833333 95.672880 
31.111111 95.672880 
31.388889 95.672880 
31.666667 95.672880 
31.944444 95.672880 
32.222222 95.672880 
32.500000 95.672880 
32.777778 95.672880 
33.055556 95.672880 
33.333333 95.672880 
33.611111 95.672880 
33.888889 95.672880 
34.166667 95.672880 
34.444444 95.672880 
34.722222 95.672880 
35.000000 95.672880 
35.277778 95.672880 
35.555556 95.672880 
35.833333 95.672880 
